16 3672
16 3721
16 3674
16 3675
16 3719
16 3735
16 3754
16 3671
16 3686
16 3697
16 3712
16 3714
16 3715
16 3716
16 3727
16 3731
16 3733
16 3734
16 3736
16 3745
16 3755
16 3757
16 3760
16 3764
16 3767
16 3770
16 3771
16 3774
16 3782
16 3787
16 3790
16 3792
16 3796
16 3673
16 3676
16 3677
16 3678
16 3679
16 3680
16 3681
16 3682
16 3685
16 3687
16 3689
16 3690
16 3692
16 3694
16 3695
16 3696
16 3701
17 3732
17 3798
17 3731
17 3695
17 3706
17 3697
17 3735
17 3788
17 3705
17 3766
17 3682
17 3789
17 3691
17 3761
17 3742
17 3744
17 3704
17 3776
17 3783
17 3680
17 3727
17 3681
17 3787
17 3738
17 3722
17 3791
17 3750
17 3683
17 3746
17 3793
17 3768
17 3795
17 3734
17 3792
17 3756
17 3799
17 3718
17 3751
17 3700
17 3777
17 3690
17 3762
17 3780
17 3757
17 3717
17 3739
17 3675
17 3723
17 3736
17 3748
18 3696
18 3706
18 3798
18 3695
18 3691
18 3677
18 3735
18 3788
18 3682
18 3680
18 3705
18 3697
18 3730
18 3776
18 3704
18 3787
18 3722
18 3766
18 3761
18 3751
18 3791
18 3783
18 3738
18 3712
18 3700
18 3723
18 3789
18 3734
18 3678
18 3793
18 3795
18 3714
18 3768
18 3746
18 3707
18 3799
18 3716
18 3739
18 3777
18 3720
18 3756
18 3689
18 3683
18 3709
18 3750
18 3747
18 3772
18 3770
18 3759
18 3781
19 3732
19 3696
19 3706
19 3788
19 3754
19 3697
19 3677
19 3705
19 3691
19 3730
19 3704
19 3776
19 3783
19 3744
19 3789
19 3734
19 3761
19 3678
19 3738
19 3795
19 3727
19 3746
19 3750
19 3742
19 3733
19 3791
19 3681
19 3722
19 3771
19 3756
19 3748
19 3700
19 3751
19 3768
19 3799
19 3782
19 3757
19 3683
19 3723
19 3739
19 3689
19 3792
19 3777
19 3778
19 3720
19 3709
19 3717
19 3781
19 3772
19 3694
20 3732
20 3706
20 3695
20 3696
20 3788
20 3731
20 3754
20 3798
20 3672
20 3691
20 3677
20 3744
20 3783
20 3766
20 3705
20 3682
20 3730
20 3789
20 3791
20 3751
20 3742
20 3712
20 3680
20 3704
20 3795
20 3768
20 3733
20 3746
20 3748
20 3723
20 3700
20 3756
20 3761
20 3782
20 3738
20 3771
20 3739
20 3714
20 3781
20 3683
20 3747
20 3792
20 3716
20 3674
20 3681
20 3717
20 3678
20 3743
20 3694
20 3690
21 23824
21 14788
22 3695
22 3697
22 3754
22 3691
22 3744
22 3742
22 3721
22 3712
22 3672
22 3735
22 3791
22 3683
22 3768
22 3674
22 3789
22 3782
22 3694
22 3709
22 3703
22 3675
22 3687
22 3718
22 3741
22 3707
22 3729
22 3688
22 3797
22 3736
22 3676
22 3752
22 3701
22 3755
22 3717
22 3780
22 3679
22 3686
22 3728
22 3784
22 3774
22 3794
22 3673
22 3670
22 3671
22 3711
22 3693
22 3745
22 3796
22 3719
22 3724
22 3765
23 3696
23 3695
23 3788
23 3697
23 3704
23 3783
23 3672
23 3744
23 3789
23 3787
23 3748
23 3795
23 3700
23 3734
23 3746
23 3678
23 3750
23 3756
23 3757
23 3771
23 3674
23 3781
23 3716
23 3747
23 3743
23 3772
23 3699
23 3687
23 3736
23 3725
23 3701
23 3780
23 3741
23 3774
23 3760
23 3764
23 3794
23 3673
23 3670
23 3753
23 3728
23 3784
23 3758
23 3745
23 3671
23 3702
23 3767
23 3773
23 3775
23 3711
26 27756
26 31801
26 22799
26 24768
28 32268
28 10802
28 19777
28 15605
28 13982
28 14825
28 30489
28 8761
29 30765
29 18857
29 12453
29 10876
29 9033
29 33403
32 3696
32 3731
32 3677
32 3795
32 3735
32 3705
32 3738
32 3776
32 3750
32 3678
32 3682
32 3733
32 3721
32 3766
32 3787
32 3799
32 3709
32 3748
32 3792
32 3681
32 3712
32 3727
32 3757
32 3707
32 3762
32 3772
32 3768
32 3782
32 3703
32 3723
32 3747
32 3771
32 3790
32 3729
32 3770
32 3736
32 3778
32 3752
32 3774
32 3797
32 3676
32 3686
32 3688
32 3670
32 3794
32 3760
32 3728
32 3755
32 3740
32 3711
41 13986
41 12168
41 10528
41 8525
41 8367
41 29758
41 28374
41 26235
41 23630
41 19636
41 17476
41 15044
42 3732
42 3754
42 3789
42 3735
42 3730
42 3691
42 3792
42 3677
42 3717
42 3768
42 3783
42 3799
42 3697
42 3707
42 3774
42 3781
42 3798
42 3700
42 3704
42 3705
42 3709
42 3738
42 3742
42 3747
42 3751
42 3776
42 3787
42 3790
42 3680
42 3701
42 3703
42 3714
42 3722
42 3727
42 3741
42 3744
42 3756
42 3772
42 3795
42 3670
42 3673
42 3674
42 3683
42 3684
42 3687
42 3694
42 3699
42 3716
42 3721
42 3731
43 3788
43 3680
43 3761
43 3682
43 3735
43 3789
43 3751
43 3672
43 3776
43 3766
43 3748
43 3787
43 3721
43 3714
43 3718
43 3756
43 3690
43 3716
43 3734
43 3727
43 3743
43 3782
43 3771
43 3723
43 3768
43 3720
43 3687
43 3707
43 3747
43 3725
43 3790
43 3717
43 3780
43 3675
43 3778
43 3676
43 3688
43 3760
43 3784
43 3713
43 3673
43 3769
43 3670
43 3753
43 3715
43 3796
43 3755
43 3698
43 3740
43 3794
46 5824
46 11144
46 12570
46 15540
46 20607
46 29686
46 31225
48 23504
48 27708
48 28012
48 28532
48 30300
48 33575
48 5938
51 8022
51 28933
51 32519
51 3685
52 3662
52 11879
52 20216
52 22518
54 3695
54 3766
54 3696
54 3706
54 3672
54 3771
54 3778
54 3776
54 3761
54 3756
54 3744
54 3734
54 3731
54 3712
54 3682
54 3760
54 3721
54 3720
54 3705
54 3697
54 3787
54 3780
54 3757
54 3746
54 3718
54 3702
54 3678
54 3795
54 3783
54 3782
54 3748
54 3739
54 3728
54 3716
54 3687
54 3775
54 3768
54 3750
54 3743
54 3723
54 3713
54 3704
54 3689
54 3683
54 3681
54 3773
54 3772
54 3758
54 3751
54 3735
57 3672
57 3668
57 3665
57 3662
57 3659
57 3653
57 3721
57 3719
57 3735
57 3754
57 3675
57 3674
57 3697
57 3712
57 3714
57 3715
57 3716
57 3727
57 3731
57 3733
57 3734
57 3736
57 3745
57 3755
57 3757
57 3760
57 3764
57 3767
57 3770
57 3771
57 3774
57 3782
57 3787
57 3790
57 3792
57 3796
57 3671
57 3686
57 3689
57 3692
57 3694
57 3695
57 3696
57 3701
57 3707
57 3709
57 3713
57 3718
57 3720
57 3722
61 27641
61 18600
61 16344
61 12854
61 5080
62 6472
64 9121
64 8857
64 30502
64 28985
68 12355
68 27053
68 25719
68 16299
68 5731
68 14664
68 11286
68 15794
68 5520
68 8583
68 16702
68 8043
72 28259
72 29615
72 16346
72 19499
74 9737
74 18088
76 3696
76 3682
76 3712
76 3748
76 3799
76 3776
76 3721
76 3752
76 3680
76 3705
76 3706
76 3714
76 3727
76 3750
76 3768
76 3675
76 3688
76 3707
76 3723
76 3725
76 3733
76 3735
76 3738
76 3744
76 3761
76 3771
76 3783
76 3788
76 3676
76 3677
76 3681
76 3699
76 3711
76 3716
76 3720
76 3722
76 3730
76 3732
76 3734
76 3739
76 3740
76 3747
76 3751
76 3759
76 3760
76 3769
76 3778
76 3790
76 3791
76 3793
77 10419
77 31567
77 15595
79 12904
79 13651
79 33038
79 28999
79 24884
79 22252
79 25274
80 5328
80 4835
80 15438
80 29089
80 30917
82 3696
82 3706
82 8587
82 3704
82 3731
82 3748
82 3793
82 3798
82 3680
82 3681
82 3700
82 3725
82 3730
82 3743
82 3760
82 3761
82 3767
82 3777
82 3778
82 3783
82 3790
82 3758
82 11294
82 12657
82 12912
82 18247
82 23150
82 29646
82 29867
82 32871
82 33642
82 3677
82 3678
82 3682
82 3684
82 3685
82 3689
82 3690
82 3698
82 3699
82 3702
82 3705
82 3708
82 3710
82 3713
82 3714
82 3715
82 3716
82 3720
82 3722
85 31164
85 29214
85 11958
85 9777
85 29473
85 10506
85 30524
85 7557
85 7496
85 33360
85 31386
100 9816
100 32525
104 8423
104 7454
104 33252
104 31758
104 30399
104 25640
104 19988
111 25209
111 24330
111 16432
111 15592
111 9725
111 8792
111 6810
111 31426
123 3798
123 3706
123 3731
123 3677
123 3754
123 3730
123 3783
123 3795
123 3722
123 3791
123 3733
123 3734
123 3727
123 3751
123 3700
123 3799
123 3793
123 3723
123 3777
123 3792
123 3707
123 3709
123 3781
123 3714
123 3778
123 3743
123 3747
123 3717
123 3770
123 3699
123 3790
123 3675
123 3752
123 3701
123 3729
123 3741
123 3774
123 3797
123 3684
123 3686
123 3755
123 3794
123 3753
123 3784
123 3769
123 3673
123 3715
123 3796
123 3745
123 3740
127 3755
127 3733
127 3727
127 3723
127 3721
127 3719
127 3714
127 3684
127 3682
127 3688
127 3799
127 3793
127 3790
127 3777
127 3770
127 3769
127 3768
127 3762
127 3759
127 3751
127 3749
127 3732
127 3681
127 3680
127 3679
127 3677
127 3705
127 3720
127 3718
127 3717
127 3715
127 3713
127 3712
127 3710
127 3709
127 3708
127 3683
127 3685
127 3686
127 3707
127 5697
127 3798
127 3797
127 3796
127 3792
127 3791
127 3782
127 3778
127 3776
127 3766
131 7265
131 29977
131 20630
131 19903
131 16012
131 14420
141 6533
141 19492
155 3732
155 3754
155 3691
155 3704
155 3730
155 3680
155 3787
155 3700
155 3738
155 3751
155 3791
155 3748
155 3750
155 3727
155 3799
155 3781
155 3793
155 3714
155 3694
155 3792
155 3675
155 3699
155 3736
155 3741
155 3759
155 3676
155 3790
155 3760
155 3688
155 3797
155 3729
155 3764
155 3686
155 3684
155 3673
155 3679
155 3755
155 3671
155 3685
155 3779
155 3758
155 3693
155 3711
155 3767
155 3765
155 3724
155 3785
155 3710
155 3708
155 3726
157 21587
157 20235
157 24712
158 16201
158 12038
158 27749
159 28980
159 17112
159 21576
187 5833
187 28224
187 18197
187 10615
188 5773
188 26074
195 29746
195 7144
195 5404
196 9258
196 25630
196 22342
196 15702
196 13174
196 9591
196 31741
196 11612
198 17586
198 13390
198 5230
198 23091
204 13379
204 31779
204 16555
205 13982
205 8761
205 30489
205 27641
205 14825
206 9668
206 28537
208 3706
208 3696
208 3798
208 3695
208 3732
208 3795
208 3757
208 3722
208 3704
208 3681
208 3677
208 3766
208 3788
208 3793
208 3733
208 3754
208 3772
208 3777
208 3783
208 3723
208 3700
208 3697
208 3680
208 3743
208 3748
208 3762
208 3778
208 3782
208 3790
208 3792
208 3735
208 3734
208 3727
208 3707
208 3705
208 3678
208 3672
208 3747
208 3756
208 3761
208 3770
208 3787
208 3730
208 3725
208 3691
208 3690
208 3682
208 3739
208 3742
208 3746
209 31027
209 29077
209 28949
215 33644
215 13767
218 32209
218 4011
218 7219
218 9947
218 11298
218 12747
228 6179
229 30836
229 9460
229 18112
229 20619
229 24211
234 30344
234 32443
234 6458
234 14550
234 16822
234 20187
235 3732
235 3798
235 3731
235 3695
235 3697
235 3754
235 3691
235 3704
235 3766
235 3672
235 3761
235 3700
235 3787
235 3681
235 3678
235 3793
235 3777
235 3757
235 3782
235 3720
235 3674
235 3762
235 3718
235 3689
235 3690
235 3759
235 3772
235 3790
235 3770
235 3717
235 3736
235 3780
235 3729
235 3797
235 3684
235 3760
235 3755
235 3686
235 3713
235 3679
235 3728
235 3796
235 3719
235 3698
235 3702
235 3773
235 3779
235 3758
235 3767
235 3708
236 4303
236 31046
240 19903
240 14420
240 16012
240 29977
240 26755
240 20630
256 24080
256 23149
256 23113
256 10503
256 29051
256 26914
256 14048
256 8755
256 27677
256 25161
258 23700
258 20549
258 17367
258 14838
258 10417
258 6110
258 26740
259 30622
259 18088
260 26233
260 21527
260 31052
267 3695
267 3718
267 3741
267 3788
267 3783
267 3781
267 3754
267 3672
267 3700
267 3706
267 3722
267 3751
267 3687
267 3697
267 3714
267 3730
267 3734
267 3742
267 3743
267 3744
267 3745
267 3746
267 3673
267 3674
267 3675
267 3680
267 3694
267 3756
267 3798
267 3795
267 3791
267 3789
267 3671
267 3690
267 3691
267 3696
267 3699
267 3704
267 3707
267 3721
267 3731
267 3739
267 3747
267 3753
267 3757
267 3797
267 3794
267 3782
267 3779
267 3778
270 16845
275 26038
275 24982
275 11298
275 7478
275 26120
283 3696
283 3706
283 3793
283 3798
283 3748
283 3731
283 3704
283 3681
283 3680
283 3700
283 3760
283 3761
283 3767
283 3777
283 3778
283 3783
283 3790
283 3743
283 3730
283 3725
283 3702
283 3699
283 3698
283 3690
283 3689
283 3685
283 3684
283 3682
283 3678
283 3677
283 32871
283 29867
283 29646
283 23150
283 18247
283 12912
283 12657
283 11294
283 10111
283 7702
283 3759
283 3762
283 3763
283 3764
283 3766
283 3769
283 3770
283 3771
283 3772
283 3773
287 6019
290 13495
290 19525
290 33570
290 11394
305 33079
305 14072
305 13200
305 14971
305 9713
305 7060
313 24034
313 11370
314 17225
314 10824
314 11108
314 4309
314 30153
314 25270
314 17956
318 17367
318 10417
318 14838
318 6110
318 23738
318 23700
318 20549
319 31499
319 24328
319 12599
319 32346
320 8005
320 6278
320 17322
320 13273
322 23187
322 14792
324 16894
324 15668
324 11616
324 10530
327 22931
329 8516
329 4413
329 26237
329 12655
332 18921
332 27256
332 27885
334 23578
334 23268
334 16263
334 4909
334 30060
334 24869
334 27929
336 5743
336 26352
336 20221
336 11760
341 31750
341 29082
341 25393
341 19282
341 13007
341 32274
343 4986
343 10750
345 3741
345 3718
345 3781
345 3730
345 3700
345 3798
345 3789
345 3784
345 3783
345 3779
345 3754
345 3751
345 3746
345 3745
345 3743
345 3742
345 3722
345 3714
345 3704
345 3697
345 3695
345 3694
345 3690
345 3687
345 3680
345 3674
345 3673
345 3671
345 4165
345 3796
345 3793
345 3791
345 3788
345 3785
345 3780
345 3777
345 3769
345 3765
345 3764
345 3761
345 3759
345 3756
345 3753
345 3744
345 3739
345 3734
345 3732
345 3726
345 3725
345 3720
346 13058
346 8228
346 30533
346 14423
347 9828
347 32083
349 8215
349 21333
349 21845
349 7015
349 7514
349 14114
358 14913
358 16357
358 17852
358 25178
358 28154
358 5746
358 33455
360 14937
360 29214
360 31164
360 9777
363 10417
363 26740
363 23738
363 23700
363 20549
363 17367
363 14838
372 31257
372 10503
372 11351
372 23113
372 23149
372 24080
372 26914
372 10530
372 15668
372 16894
372 7763
390 12025
394 16925
394 23423
394 24293
394 30286
394 33389
395 3798
395 3732
395 3750
395 3706
395 3677
395 3738
395 3709
395 3678
395 3797
395 3793
395 3697
395 3795
395 3777
395 3770
395 3766
395 3754
395 3705
395 3686
395 3762
395 3755
395 3746
395 3736
395 3735
395 3733
395 3731
395 3728
395 3727
395 3721
395 3703
395 3701
395 3699
395 3695
395 3691
395 3683
395 3681
395 3674
395 3799
395 3791
395 3787
395 3778
395 3774
395 3758
395 3742
395 3734
395 3730
395 3723
395 3717
395 3704
395 3694
395 3689
398 11436
398 11371
398 22922
398 18343
398 18147
398 16537
399 27561
399 22922
399 18343
399 18147
399 11436
399 11371
401 30951
401 26205
401 14937
402 28578
404 32981
417 27515
417 6871
417 15898
417 16838
417 23843
418 27515
418 27578
418 15898
418 16838
418 23843
422 24207
422 21545
422 20024
428 23346
428 6944
428 7172
428 30218
431 25968
431 13180
433 29408
433 3988
433 18357
433 17597
433 32368
433 20431
435 31495
435 31452
435 28812
435 23186
435 9146
435 7219
435 4011
435 32209
435 12747
435 5844
435 9947
436 16012
436 14420
436 20630
436 26755
436 29977
436 7265
441 5375
441 29932
450 14278
450 29051
450 32512
450 6031
450 11616
450 29359
450 15795
451 19041
451 31385
451 7210
460 15588
460 18759
460 19156
460 19207
460 30560
460 12325
466 3695
466 3718
466 3741
466 3672
466 3700
466 3706
466 3722
466 3751
466 3754
466 3781
466 3783
466 3788
466 3697
466 3714
466 3730
466 3734
466 3742
466 3743
466 3744
466 3745
466 3746
466 3687
466 3680
466 3675
466 3674
466 3673
466 3694
466 3671
466 3690
466 3691
466 3696
466 3699
466 3704
466 3707
466 3721
466 3731
466 3739
466 3747
466 3756
466 3789
466 3791
466 3795
466 3798
466 3683
466 3677
466 3701
466 3712
466 3713
466 3715
466 3716
470 16765
470 16408
470 14001
470 21841
470 15795
470 14278
470 6031
470 5816
470 32512
470 29359
470 29051
479 3696
479 3706
479 3704
479 3793
479 3798
479 3731
479 3748
479 3730
479 3725
479 3700
479 3743
479 3760
479 3761
479 3767
479 3680
479 3681
479 3777
479 3778
479 3783
479 3790
479 3727
479 3723
479 3722
479 3720
479 3716
479 3715
479 3714
479 3713
479 3710
479 3708
479 3705
479 3702
479 3699
479 3698
479 3690
479 3689
479 3795
479 3799
479 7702
479 3685
479 3684
479 3732
479 3733
479 3734
479 3738
479 3739
479 3740
479 3746
479 3747
479 3750
482 16924
482 8189
482 4437
482 26483
482 32468
483 12878
483 8900
483 3925
495 30805
495 32962
495 12533
496 30765
496 5094
496 15464
497 28374
497 15044
497 10528
497 15342
497 17476
497 8525
500 3732
500 3798
500 3730
500 3682
500 3680
500 3761
500 3722
500 3789
500 3791
500 3742
500 3738
500 3793
500 3712
500 3795
500 3782
500 3777
500 3716
500 3714
500 3792
500 3707
500 3690
500 3750
500 3683
500 3790
500 3674
500 3762
500 3718
500 3772
500 3759
500 3725
500 3709
500 3703
500 3780
500 3684
500 3741
500 3701
500 3764
500 3774
500 3769
500 3670
500 3715
500 3740
500 3796
500 3685
500 3719
500 3698
500 3775
500 3745
500 3711
500 3710
503 3754
503 3732
503 3706
503 3797
503 3735
503 3734
503 3727
503 3677
503 3691
503 3787
503 3755
503 3729
503 3721
503 3697
503 3672
503 3798
503 3766
503 3751
503 3733
503 3723
503 3799
503 3791
503 3778
503 3770
503 3758
503 3736
503 3731
503 3717
503 3709
503 3705
503 3695
503 3675
503 3678
503 3794
503 3792
503 3790
503 3788
503 3776
503 3768
503 3757
503 3738
503 3730
503 3728
503 3704
503 3700
503 3694
503 3679
503 3681
503 3689
503 3793
505 8184
505 5306
505 30856
505 28998
505 24781
505 13875
505 13543
509 5743
509 26438
509 26352
509 20221
510 21471
510 18787
513 26491
513 26159
513 22034
513 14797
513 14165
513 10987
513 10458
513 8361
513 5949
523 9716
523 4593
523 4285
523 31240
523 22285
523 19284
523 18996
523 14814
530 13379
530 16555
530 13503
531 9465
531 20422
531 23523
531 25817
531 28013
531 17239
532 22420
535 20422
535 23523
535 33505
536 16518
536 10429
536 17025
545 7253
545 27285
545 26585
545 18176
545 13014
546 3653
546 3656
546 3659
546 3665
546 3668
546 3672
546 3721
546 3674
546 3675
546 3719
546 3735
546 3754
546 3764
546 3796
546 3792
546 3790
546 3787
546 3782
546 3774
546 3771
546 3770
546 3767
546 3671
546 3686
546 3697
546 3712
546 3714
546 3715
546 3716
546 3727
546 3731
546 3733
546 3734
546 3736
546 3745
546 3755
546 3757
546 3760
546 3765
546 3799
546 3798
546 3793
546 3784
546 3780
546 3776
546 3766
546 23568
546 3673
546 3676
546 3677
548 10111
548 9311
550 11403
550 18724
550 30771
551 17646
551 22797
551 8541
576 4168
576 6583
576 13279
577 7095
577 9348
580 11351
580 23149
580 24080
580 26914
580 29051
580 23113
587 10528
587 15044
587 17476
587 25503
587 28374
587 30210
587 8525
587 13986
589 28985
589 30502
589 9121
589 16178
590 23019
590 29567
590 30035
590 4699
590 8431
591 24075
591 4694
591 7694
591 3813
591 26553
591 24494
594 30502
594 16178
594 9121
594 8857
595 18566
595 29920
595 31336
595 28458
595 27427
596 29359
596 10714
596 11616
596 12656
596 15795
596 22949
596 24975
596 25485
596 26413
596 29536
596 32234
596 14278
596 32512
596 33176
596 5816
596 6031
596 6762
596 15877
596 30916
596 4340
596 6808
597 16690
597 23902
597 24765
598 25154
598 28261
598 26527
598 24226
598 17487
600 17239
600 28013
600 10987
603 17252
603 26593
603 27622
603 6501
604 30513
604 11355
604 16829
604 26201
604 30865
610 4952
610 19157
610 9011
612 11351
612 15877
612 30916
612 6808
613 17127
613 12066
614 25831
616 11413
616 24287
616 32483
616 7609
622 29522
622 30947
624 20933
624 29144
624 21157
626 18857
626 12453
626 17852
626 9033
626 30765
627 21615
627 8224
630 31118
630 26554
633 6103
633 30741
633 29961
633 18790
636 12920
639 18967
639 9083
639 17912
639 30951
639 26205
645 3696
645 3706
645 3704
645 3731
645 3748
645 3793
645 3798
645 3680
645 3681
645 3725
645 3730
645 3743
645 3760
645 3761
645 3767
645 3700
645 3777
645 3778
645 3783
645 3790
645 23150
645 29646
645 29867
645 32871
645 33642
645 3677
645 3678
645 3682
645 3684
645 3685
645 3689
645 3690
645 3698
645 3699
645 3702
645 3705
645 3708
645 3710
645 3713
645 3714
645 3715
645 3716
645 3720
645 3722
645 3723
645 3727
645 3732
645 3733
645 3734
645 3738
649 15821
649 12854
649 16344
649 18600
649 5080
649 6498
656 18346
656 27057
656 31985
656 5417
662 3732
662 3691
662 3789
662 3791
662 3730
662 3792
662 3700
662 3735
662 3697
662 3717
662 3672
662 3674
662 3677
662 3704
662 3742
662 3731
662 3751
662 3781
662 3787
662 3798
662 3690
662 3695
662 3727
662 3782
662 3790
662 3796
662 3680
662 3722
662 3744
662 3783
662 3673
662 3684
662 3686
662 3687
662 3694
662 3706
662 3709
662 3733
662 3734
662 3736
662 3797
662 3675
662 3701
662 3705
662 3707
662 3714
662 3721
662 3738
662 3741
662 3743
664 20591
664 33330
664 33050
664 27346
664 12839
676 16357
676 25178
676 5094
676 33455
676 32546
676 28154
676 14913
676 26105
676 5746
676 15464
679 32279
679 33617
679 19727
681 21917
681 18010
689 15987
689 26023
689 31170
689 4808
692 30883
692 16369
692 21770
692 23746
692 30275
698 28926
699 30300
699 5938
699 15522
699 23504
699 27708
699 28012
699 28532
708 6182
708 9428
708 13934
708 16054
708 24304
708 28958
714 11082
714 26483
714 16924
714 4437
714 8189
723 30667
728 27632
728 19939
728 12644
728 3791
740 10329
741 21968
741 9627
744 27776
744 13362
744 21719
749 4591
749 33133
749 26038
749 24982
749 22376
749 7478
749 26120
753 22569
754 27943
754 24632
754 11795
754 6250
754 33020
755 3730
755 3788
755 3705
755 3789
755 3672
755 3721
755 3761
755 3766
755 3793
755 3750
755 3681
755 3799
755 3777
755 3712
755 3683
755 3756
755 3768
755 3716
755 3741
755 3694
755 3718
755 3689
755 3717
755 3759
755 3778
755 3770
755 3729
755 3780
755 3752
755 3760
755 3755
755 3679
755 3713
755 3753
755 3769
755 3728
755 3671
755 3745
755 3715
755 3685
755 3711
755 3779
755 3773
755 3758
755 3775
755 3702
755 3719
755 3767
755 3765
755 3726
758 6314
761 9739
761 14314
773 32237
773 28940
773 15717
780 25240
780 16377
780 25909
783 20418
790 31987
790 31356
790 19471
790 18025
790 18008
790 4801
800 3798
800 3696
800 3706
800 3695
800 3788
800 3742
800 3680
800 3722
800 3682
800 3744
800 3751
800 3746
800 3733
800 3712
800 3795
800 3678
800 3750
800 3718
800 3739
800 3723
800 3757
800 3771
800 3720
800 3714
800 3748
800 3762
800 3743
800 3741
800 3675
800 3699
800 3778
800 3688
800 3725
800 3797
800 3755
800 3760
800 3752
800 3764
800 3679
800 3713
800 3784
800 3769
800 3671
800 3745
800 3715
800 3719
800 3779
800 3740
800 3698
800 3693
808 21741
808 20601
810 11003
810 6927
811 16140
811 31533
811 28555
811 17624
811 12168
811 8367
811 30210
811 29758
811 26235
811 25503
811 23630
811 19636
812 11645
812 10759
812 29317
812 12046
820 30257
820 26732
820 8300
821 17753
821 6385
821 20383
826 5202
826 24936
826 8868
826 8592
827 22849
827 22699
827 11337
828 10481
828 7066
828 5000
828 29863
828 27013
828 19634
828 17608
833 24348
834 28443
834 17232
836 9650
836 30970
836 30043
836 21672
836 11869
837 6753
837 28626
837 10331
840 32209
840 12747
840 11298
840 9947
840 7219
840 5844
845 7361
850 11159
854 25300
857 15028
866 23149
866 11351
866 10503
866 29051
866 26914
866 24080
869 30824
869 21619
869 15904
869 7850
869 5591
869 22512
870 13058
870 30533
870 19262
870 14423
874 17487
874 28261
874 26527
874 25154
874 25042
877 27904
877 20716
877 16640
877 7811
877 32156
880 25974
880 14602
882 29961
882 27855
882 18790
882 6103
887 6474
887 27403
892 33181
892 9719
892 8879
892 10089
892 14927
892 21243
892 21429
894 23700
894 26740
894 6110
894 23738
894 10417
894 17367
894 20549
899 22376
899 11298
899 7478
899 26038
899 24982
909 3672
909 3668
909 3662
909 3659
909 3656
909 3653
909 3721
909 3754
909 3735
909 3719
909 3675
909 3674
909 3790
909 3787
909 3782
909 3774
909 3771
909 3770
909 3767
909 3764
909 3760
909 3757
909 3755
909 3745
909 3736
909 3734
909 3733
909 3731
909 3727
909 3716
909 3715
909 3714
909 3712
909 3697
909 3686
909 3671
909 3796
909 3792
909 3784
909 3780
909 3776
909 3766
909 3765
909 3762
909 3752
909 3750
909 3748
909 3744
909 3743
909 3742
916 33505
916 26491
916 26159
916 22034
916 14165
916 10458
916 25337
916 22390
916 17315
916 27699
919 17170
919 23754
919 6420
919 24622
919 10319
919 13008
919 13861
919 17108
919 23514
919 5754
924 20713
924 12940
924 4512
924 29583
924 28809
924 27645
926 20549
926 23738
926 26740
926 6110
926 10417
926 14838
926 17367
928 26680
928 26455
928 4319
928 32061
928 26685
928 14989
932 4943
934 15869
934 8604
949 18160
949 8090
952 31397
952 32525
954 4986
954 22161
958 25818
958 8595
958 5661
959 18821
959 24786
959 14635
963 9295
963 22201
964 21966
964 31758
964 33252
964 7454
964 30399
967 33292
967 6425
967 17843
967 19193
967 23835
967 24544
967 25072
967 28841
967 30050
968 20230
968 25501
968 21849
968 13286
973 22799
973 31801
973 27756
973 15889
976 20023
976 31902
977 21032
977 10692
980 28917
980 9033
980 10876
980 12453
980 16315
980 17852
980 18857
980 21108
980 25309
980 8680
985 9666
985 27767
987 5754
987 24622
987 21966
987 17108
987 13008
987 10319
987 23514
988 4562
988 27232
988 12062
988 14986
990 28217
990 4776
990 33269
990 32243
990 30861
990 29524
990 26779
990 26059
990 22431
1001 4625
